10,287
10,311
10,118
10,228
10,219
10,15
10,86
10,97
11,9
11,18
11,12
11,17
8,6
8,11
241,3
241,2
241,1
241,0
240,3
240,2
240,1
240,0
239,5
239,4
239,3
239,2
239,1
239,0
238,3
238,2
238,1
238,0
237,3
237,2
237,1
237,0
20,3
20,2
20,1
19,3
19,2
19,1
12,3
12,2
12,1
11,30
11,29
11,28
11,22
11,21
11,20
11,19
11,16
11,15
11,13
11,11
11,8
11,7
11,6
11,5
11,4
11,3
11,2
11,1
10,307
10,300
10,267
10,253
10,249
10,214
10,210
10,175
10,158
10,146
10,143
10,136
10,129
10,125
10,106
10,103
10,96
10,95
10,76
10,68
10,35
10,33
10,32
18,1
10,28
18,3
14,1
10,3
14,3
13,1
10,2
13,3
10,1
9,7
9,6
9,5
9,4
9,3
9,2
9,1
8,18
8,17
8,15
8,14
8,13
8,12
8,10
8,9
8,8
8,7
